frame 16.0 11.0

# Голова и левое ухо
color 0 0 0 
thickness 2
# Левая часть головы и челюсть
path 6
2.5 0.5
2.0 1.0
2.5 2.0
2.0 3.5
0.5 3.5
2.0 4.0

# Отросток уха
path 2
2.0 4.0
2.0 3.5

# Вверх к кончику уха
path 4
2.0 4.0
2.0 4.5
2.5 5.5
3.0 6.0

# Контур левого уха сверху
path 6
3.0 6.0
1.0 6.5
1.0 8.0
1.5 9.0
2.5 10.0
3.0 10.0

# Переход к перемычке
path 4
3.0 10.0
7.5 9.0
7.0 8.5
7.5 9.0

# Внутренняя часть левого уха
path 4
7.0 8.5
6.5 7.5
7.0 6.5
7.5 6.0

path 3
7.0 6.5
5.0 6.0
3.0 6.0

# Перемычка
path 2
7.5 9.0
9.5 9.0

# Детали уха
path 4
7.0 8.5
6.0 8.5
5.5 8.0
5.5 7.5

# Правое ухо
path 14
9.5 9.0
13.5 10.0
14.0 10.0
14.5 9.5
14.5 8.0
12.5 6.5
10.5 5.5
10.0 6.0
10.0 6.5
10.5 7.0
10.5 7.5
10.0 8.0
10.0 8.5
9.5 8.5

# Детали правого уха
path 3
9.5 9.0
10.0 8.5
13.5 10.0

path 4
10.0 8.5
10.5 8.5
11.0 8.0
11.0 7.5

path 5
10.0 8.0
9.5 7.5
10.0 7.0
10.0 7.5
9.5 7.5

path 2
10.0 7.0
10.5 7.5

# Глаза и брови
# Левый глаз
thickness 2
path 5
9.0 7.5
8.5 8.0
8.0 7.5
8.0 7.0
9.0 7.5

thickness 2
path 3
8.5 7.25
8.5 7.5
8.0 7.5

# Бровь
path 2
8.0 8.5
8.5 8.5

path 3
8.0 8.5
7.5 8.0
7.5 7.5

# Хобот и маска
thickness 2
path 4
10.0 6.5
9.5 7.0
9.0 7.0
8.0 6.0

path 3
10.0 6.0
10.0 5.5
9.5 5.0

# Основная часть хобота
path 7
10.0 5.5
10.5 4.5
11.0 4.0
11.5 4.0
12.0 3.0
11.0 3.0
8.5 5.5

# Перемычки в хоботе
path 4
11.5 4.0
12.0 4.5
13.0 4.0
12.0 3.0

path 2
11.0 4.0
11.0 3.0

path 2
10.5 4.5
10.0 4.0

# Вода
color 0 0 255
thickness 2
path 4
12.0 4.5
12.0 6.0
12.5 5.5
12.0 4.5

path 4
12.5 5.0
12.5 6.0
13.0 6.0
12.5 5.0

path 5
13.0 5.5
14.0 6.0
14.0 6.5
13.5 6.5
13.0 5.5

path 4
13.0 4.5
14.0 5.5
14.0 5.0
13.0 4.5

# Туловище и ноги
color 0 0 0 
thickness 2
path 12
9.0 5.0
8.0 3.5
8.0 3.0
7.0 2.5
6.5 3.0
7.0 2.0
6.5 1.5
7.0 1.0
8.0 1.0
8.5 1.5
8.0 2.0
8.5 4.25

path 3
8.0 3.5
7.5 4.5
6.0 5.0

path 2
5.5 3.5
6.99 4.17

path 2
6.5 3.0
6.5 3.95

path 2
6.5 3.0
6 2.5

# Ноги
path 8
6.5 3.0
6.0 2.5
4.5 2.0
5.0 1.5
4.5 1.0
4.0 1.0
3.5 2.0
4.0 3.0

path 2
3.5 2.0
4.5 2.0

path 3
4.0 1.0
3.5 0.5
2.5 0.5
